t11.txt 

Dijkstra: 
time 0.01132350
Act 10

 3 6 4
 1 * 2
 8 7 5

 3 * 4
 1 6 2
 8 7 5

 * 3 4
 1 6 2
 8 7 5

 1 3 4
 * 6 2
 8 7 5

 1 3 4
 8 6 2
 * 7 5

 1 3 4
 8 6 2
 7 * 5

 1 3 4
 8 * 2
 7 6 5

 1 3 4
 8 2 *
 7 6 5

 1 3 *
 8 2 4
 7 6 5

 1 * 3
 8 2 4
 7 6 5

Bidirectional: 
time 0.00195380
Act 10

 3 6 4
 1 * 2
 8 7 5

 3 * 4
 1 6 2
 8 7 5

 * 3 4
 1 6 2
 8 7 5

 1 3 4
 * 6 2
 8 7 5

 1 3 4
 8 6 2
 * 7 5

 1 3 4
 8 6 2
 7 * 5

 1 3 4
 8 * 2
 7 6 5

 1 3 4
 8 2 *
 7 6 5

 1 3 *
 8 2 4
 7 6 5

 1 * 3
 8 2 4
 7 6 5
