t8.txt 

Dijkstra: 
time 1.83336410
Act 23

 4 3 8
 * 1 7
 2 6 5

 4 3 8
 1 * 7
 2 6 5

 4 3 8
 1 7 *
 2 6 5

 4 3 8
 1 7 5
 2 6 *

 4 3 8
 1 7 5
 2 * 6

 4 3 8
 1 * 5
 2 7 6

 4 3 8
 * 1 5
 2 7 6

 4 3 8
 2 1 5
 * 7 6

 4 3 8
 2 1 5
 7 * 6

 4 3 8
 2 1 5
 7 6 *

 4 3 8
 2 1 *
 7 6 5

 4 3 *
 2 1 8
 7 6 5

 4 * 3
 2 1 8
 7 6 5

 4 1 3
 2 * 8
 7 6 5

 4 1 3
 * 2 8
 7 6 5

 * 1 3
 4 2 8
 7 6 5

 1 * 3
 4 2 8
 7 6 5

 1 2 3
 4 * 8
 7 6 5

 1 2 3
 4 8 *
 7 6 5

 1 2 3
 4 8 5
 7 6 *

 1 2 3
 4 8 5
 7 * 6

 1 2 3
 4 * 5
 7 8 6

 1 2 3
 4 5 *
 7 8 6

Bidirectional: 
time 0.03887530
Act 23

 4 3 8
 * 1 7
 2 6 5

 4 3 8
 2 1 7
 * 6 5

 4 3 8
 2 1 7
 6 * 5

 4 3 8
 2 1 7
 6 5 *

 4 3 8
 2 1 *
 6 5 7

 4 3 *
 2 1 8
 6 5 7

 4 * 3
 2 1 8
 6 5 7

 4 1 3
 2 * 8
 6 5 7

 4 1 3
 * 2 8
 6 5 7

 * 1 3
 4 2 8
 6 5 7

 1 * 3
 4 2 8
 6 5 7

 1 2 3
 4 * 8
 6 5 7

 1 2 3
 4 5 8
 6 * 7

 1 2 3
 4 5 8
 * 6 7

 1 2 3
 * 5 8
 4 6 7

 1 2 3
 5 * 8
 4 6 7

 1 2 3
 5 6 8
 4 * 7

 1 2 3
 5 6 8
 4 7 *

 1 2 3
 5 6 *
 4 7 8

 1 2 3
 5 * 6
 4 7 8

 1 2 3
 * 5 6
 4 7 8

 1 2 3
 4 5 6
 * 7 8

 1 2 3
 4 5 6
 7 * 8
