t9.txt 

Dijkstra: 
time 0.01835810
Act 8

 02 03 ** 04
 01 05 07 08
 09 06 10 12
 13 14 11 15

 02 ** 03 04
 01 05 07 08
 09 06 10 12
 13 14 11 15

 ** 02 03 04
 01 05 07 08
 09 06 10 12
 13 14 11 15

 01 02 03 04
 ** 05 07 08
 09 06 10 12
 13 14 11 15

 01 02 03 04
 05 ** 07 08
 09 06 10 12
 13 14 11 15

 01 02 03 04
 05 06 07 08
 09 ** 10 12
 13 14 11 15

 01 02 03 04
 05 06 07 08
 09 10 ** 12
 13 14 11 15

 01 02 03 04
 05 06 07 08
 09 10 11 12
 13 14 ** 15

Bidirectional: 
time 0.00131010
Act 8

 02 03 ** 04
 01 05 07 08
 09 06 10 12
 13 14 11 15

 02 ** 03 04
 01 05 07 08
 09 06 10 12
 13 14 11 15

 ** 02 03 04
 01 05 07 08
 09 06 10 12
 13 14 11 15

 01 02 03 04
 ** 05 07 08
 09 06 10 12
 13 14 11 15

 01 02 03 04
 05 ** 07 08
 09 06 10 12
 13 14 11 15

 01 02 03 04
 05 06 07 08
 09 ** 10 12
 13 14 11 15

 01 02 03 04
 05 06 07 08
 09 10 ** 12
 13 14 11 15

 01 02 03 04
 05 06 07 08
 09 10 11 12
 13 14 ** 15
